0	400.6561	3		0.0
1	750.2955	2	ADDKETCFAEEGK	0.1284429692661292
2	518.2032	3	CCAAADPHECYAK	0.3716854794224927
3	518.2051	3		0.0
4	472.57574	3	INDISHTQSVSSK	1.5137805775288742
5	472.57483	3	INDISHTQSVSSK	1.5690844723667596
6	358.8526	3	LDELRDEGK	1.7920392678107357
7	358.8529	3	LDELRDEGK	5.550185787508911
8	537.77454	2	LDELRDEGK	2.3798247790615665
9	537.7739	2	LDELRDEGK	2.160850399274579
10	407.68787	4	ADDKETCFAEEGKK	3.0599355478752437
11	407.6877	4	ADDKETCFAEEGKK	2.144219505464617
12	543.2469	3	ADDKETCFAEEGKK	3.8070125691199763
13	543.2471	3	ADDKETCFAEEGKK	4.380897120517505
14	518.20374	3		0.0
15	518.2037	3		0.0
16	472.57544	3	INDISHTQSVSSK	2.668278675512485
17	472.57584	3	INDISHTQSVSSK	1.3089649683112143
18	508.59872	3	IQDKEGIPPDQQR	2.4421940418882575
19	537.7749	2	LDELRDEGK	3.15358118399066
20	407.6878	4	ADDKETCFAEEGKK	0.7016088445652139
21	358.2127	2	MVPIQK	2.846423145702124
22	407.68744	4	ADDKETCFAEEGKK	1.6650681419459878
23	543.2457	3	ADDKETCFAEEGKK	4.669688824416448
24	543.246	3	ADDKETCFAEEGKK	5.089227535888342
25	343.6608	2	YGDFGK	5.5876448099786655
26	343.66144	2	YGDFGK	5.200660647385744
27	537.7748	2	LDELRDEGK	1.8402094369777962
28	518.20416	3		0.0
29	518.2034	3	CCAAADPHECYAK	0.20791486656642416
30	438.2589	2	LSQRFPK	4.151016718942735
31	438.25888	2	LSQRFPK	5.053538568331222
32	470.72726	2	DDNPNLPR	5.957001673784508
33	472.5756	3	INDISHTQSVSSK	2.1800651088825074
34	470.72784	2	DDNPNLPR	6.271532592338611
35	650.7778	2		0.0
36	508.59756	3	IQDKEGIPPDQQR	2.0277021480723856
37	472.57364	3	INDISHTQSVSSK	2.3726019834136793
38	407.68814	4	ADDKETCFAEEGKK	1.6520548763956684
39	343.6621	2	YGDFGK	4.191165983803597
40	407.6859	4	ADDKETCFAEEGKK	1.3695064939238848
41	518.2055	3		0.0
42	343.66183	2	YGDFGK	4.517202942082499
43	438.2596	2	LSQRFPK	3.2284773210286972
44	518.20557	3	CCAAADPHECYAK	0.012023796432577259
45	338.49127	3	HNMLGGCPK	1.1239923513388674
46	338.4912	3	HNMLGGCPK	1.3789847019343866
47	569.7525	2	CCTESLVNR	7.5626939212598145
48	569.7532	2	CCTESLVNR	9.608748892071944
49	686.2871	2	AAFTECCQAADK	9.805651842613722
50	686.28625	2	AAFTECCQAADK	11.628359235706537
51	440.72458	2	AEFAEVSK	4.138470967730194
52	440.725	2	AEFAEVSK	3.873823601981896
53	492.7481	2	TYETTLEK	3.895176180258703
54	492.74805	2	TYETTLEK	3.8300414435024988
55	513.758	2	YSSLAEAASK	8.537067661119593
56	407.6866	4	ADDKETCFAEEGKK	1.5358438067823295
57	513.75806	2	YSSLAEAASK	9.42916764323498
58	435.87622	3	ECCEKPLLEK	4.893440054846892
59	435.87775	3	ECCEKPLLEK	4.692230956324164
60	722.32574	2	YICENQDSISSK	9.115664488033088
61	722.32465	2	YICENQDSISSK	10.536795179759853
62	407.68823	2		0.0
63	569.75256	2	CCTESLVNR	8.689520615173487
64	569.75323	2	CCTESLVNR	8.592342713168016
65	686.28735	2	AAFTECCQAADK	10.493116768926907
66	338.49155	3	HNMLGGCPK	1.6898992083869615
67	686.2877	2	AAFTECCQAADK	12.163262112567478
68	499.5235	3		0.0
69	499.52063	3		0.0
70	338.4914	3	HNMLGGCPK	1.2780521827157607
71	518.2045	3	CCAAADPHECYAK	2.0
72	437.89	3	QSPVDIDTHTAK	4.548188263498234
73	440.72464	2	AEFAEVSK	3.743618104249348
74	437.8899	3	QSPVDIDTHTAK	4.944486520840467
75	440.72427	2	AEFAEVSK	4.0519882556334545
76	656.3293	2	QSPVDIDTHTAK	4.22692926008104
77	656.3303	2	QSPVDIDTHTAK	4.583511130608315
78	492.74805	2	TYETTLEK	3.688254516765553
79	492.74774	2	TYETTLEK	3.527305282133713
80	513.7586	2	YSSLAEAASK	9.3354410754262
81	513.75854	2	YSSLAEAASK	9.55543611770786
82	1075.8899	2	CCYDGACVNNDETCEQR	17.932368405563057
83	414.69794	2		0.0
84	717.59393	3	CCYDGACVNNDETCEQR	10.263909980169599
85	414.69867	2	DMASNYK	0.022634820874317143
86	1075.8884	2	CCYDGACVNNDETCEQR	18.377811577095716
87	717.5943	3	CCYDGACVNNDETCEQR	11.55528981878421
88	551.6747	4		0.0
89	722.3255	2	YICENQDSISSK	10.027228559889874
90	722.3251	2	YICENQDSISSK	11.68271853691288
91	547.9325	4		0.0
92	569.753	2	CCTESLVNR	9.631328650743022
93	569.7538	2	CCTESLVNR	8.117591744258608
94	735.23224	3		0.0
95	686.2873	2	AAFTECCQAADK	12.077774865092957
96	686.2868	2	AAFTECCQAADK	9.992179703612418
97	551.9248	2		0.0
98	437.8897	3	QSPVDIDTHTAK	2.970579995204727
99	440.72446	2	AEFAEVSK	4.4643317900210135
100	437.8897	3	QSPVDIDTHTAK	4.3135332662277035
101	440.72433	2	AEFAEVSK	4.081237266283912
102	492.74796	2	TYETTLEK	4.378050881383344
103	492.7474	2	TYETTLEK	4.273839791019373
104	395.2402	2	LVTDLTK	2.722891732676719
105	395.24	2	LVTDLTK	3.110827715759432
106	843.39716	2	ALELFRKDMASNYK	2.8530933279917203
107	387.455	4	LKECCEKPLLEK	1.2102966983594619
108	516.2692	3	LKECCEKPLLEK	4.988889013001162
109	387.45526	4	LKECCEKPLLEK	1.8876974442883978
110	516.2705	3	LKECCEKPLLEK	3.012094582880543
111	843.3968	2	ALELFRKDMASNYK	4.069851227826066
112	487.74704	2	NLSVEDAAR	4.509862582863992
113	487.74615	2	NLSVEDAAR	5.818092483476274
114	572.2697	3	QEPERNECFLQHK	1.1158031599425124
115	722.3254	2	YICENQDSISSK	10.203303162867817
116	722.32654	2	YICENQDSISSK	9.012004275239244
117	569.75226	2	CCTESLVNR	8.056249579082648
118	768.29175	2		0.0
119	569.7519	2	CCTESLVNR	9.14367970753698
120	337.19296	2	AWAVAR	3.199495091753463
121	768.2904	2		0.0
122	337.19296	2	AWAVAR	4.027226363518077
123	572.2716	3	QEPERNECFLQHK	2.776341340546552
124	1076.3782	2		0.0
125	717.9186	3		0.0
126	686.2885	2	AAFTECCQAADK	8.77374416169284
127	1076.3817	2		0.0
128	686.2871	2	AAFTECCQAADK	11.044933331941532
129	440.7245	2	AEFAEVSK	4.420985196399595
130	440.72498	2	AEFAEVSK	4.96369849024591
131	437.88937	3	QSPVDIDTHTAK	2.0973407264361197
132	492.74664	2	TYETTLEK	3.118163984153903
133	717.9202	3		0.0
134	395.23978	2	LVTDLTK	2.593718069019334
135	492.74756	2	TYETTLEK	3.830734804901207
136	395.23962	2	LVTDLTK	2.9182612898093443
137	387.45493	4	LKECCEKPLLEK	1.3569504589282522
138	387.45483	4	LKECCEKPLLEK	1.4568795308737144
139	516.26996	3	LKECCEKPLLEK	2.2262194296621542
140	516.2701	3	LKECCEKPLLEK	2.122141731381183
141	722.32623	2	YICENQDSISSK	7.474174238056814
142	722.32574	2	YICENQDSISSK	12.134111262046387
143	768.29095	2		0.0
144	768.29004	2		0.0
145	669.3298	2	LVNANGEAVYCK	8.281363578711039
146	428.19696	5		0.0
147	669.3286	2	LVNANGEAVYCK	9.457046595317616
148	569.7529	2	CCTESLVNR	8.394160742920365
149	428.19675	5		0.0
150	496.48627	3		0.0
151	496.4869	3		0.0
152	1076.8824	2		0.0
153	437.88818	3	QSPVDIDTHTAK	3.1336003397642833
154	686.2852	2	AAFTECCQAADK	11.0036284141365
155	437.89014	3	QSPVDIDTHTAK	2.7935781577940455
156	717.77106	2	ETYGEMADCCAK	11.003539518696469
157	440.72467	2	AEFAEVSK	4.640673795778966
158	717.77057	2	ETYGEMADCCAK	11.228548917072688
159	395.24002	2	LVTDLTK	2.7949910460341165
160	534.99286	4		0.0
161	395.23965	2	LVTDLTK	3.0534525403476835
162	534.9938	4		0.0
163	440.72345	2	AEFAEVSK	4.795421337579889
164	492.74872	2	TYETTLEK	3.9236664466715907
165	387.4549	4	LKECCEKPLLEK	2.12724594768095
166	387.4549	4	LKECCEKPLLEK	1.6748048721274267
167	516.2708	3	LKECCEKPLLEK	1.5377534695740072
168	516.27045	3	LKECCEKPLLEK	4.311395220474882
169	492.74832	2	TYETTLEK	4.528097644518351
170	1076.3789	2		0.0
171	468.23285	2	GGPLDGTYR	7.27747796586549
172	554.9131	3	YKAAFTECCQAADK	9.16635371535522
173	468.23282	2	GGPLDGTYR	5.941691747859015
174	554.9136	3	YKAAFTECCQAADK	11.94085227742
175	722.32794	2	YICENQDSISSK	11.631889859581646
176	722.325	2	YICENQDSISSK	9.414984206528288
177	428.19672	5		0.0
178	428.19675	5		0.0
179	569.754	2	CCTESLVNR	8.650574732434054
180	569.7543	2	CCTESLVNR	8.423448561511465
181	768.2871	2		0.0
182	717.7718	2	ETYGEMADCCAK	10.865451237561903
183	395.2398	2	LVTDLTK	2.8401663851577967
184	717.7711	2	ETYGEMADCCAK	10.281286154166608
185	395.23987	2	LVTDLTK	3.449659190934109
186	440.723	2	AEFAEVSK	3.5443966752430316
187	440.72354	2	AEFAEVSK	3.5619127277968015
188	387.45605	4	LKECCEKPLLEK	1.8091799165232703
189	387.4547	4	LKECCEKPLLEK	1.1924506997884579
190	516.2696	3	LKECCEKPLLEK	1.5019912254210448
191	468.23264	2	GGPLDGTYR	7.01605581542096
192	468.23254	2	GGPLDGTYR	7.451248314304559
193	554.9157	3	YKAAFTECCQAADK	7.0474194197477384
194	554.9132	3	YKAAFTECCQAADK	9.339332298617313
195	1066.8821	2		0.0
196	516.2699	3	LKECCEKPLLEK	3.1265302251445894
197	1104.7773	3		0.0
198	1066.8843	2		0.0
199	722.3245	2	YICENQDSISSK	11.408353591681383
200	722.3246	2	YICENQDSISSK	8.757231791941267
201	842.0603	4		0.0
202	1104.7776	3		0.0
203	428.1966	5		0.0
204	345.695	2	DFPIAK	2.51321149146093
205	428.1968	5		0.0
206	569.75214	2	CCTESLVNR	7.030732719714763
207	569.75165	2	CCTESLVNR	6.217355433901181
208	541.27966	2	TLSDYNIQK	4.371819576005552
209	541.27783	2	TLSDYNIQK	5.137677278325358
210	505.89294	3	HPGDFGADAQGAMNK	6.93791351286618
211	717.77203	2	ETYGEMADCCAK	10.77855443679762
212	395.23965	2	LVTDLTK	2.7267239452997765
213	717.77026	2	ETYGEMADCCAK	9.994077799875841
214	395.23947	2	LVTDLTK	3.3723290135902153
215	505.89322	3	HPGDFGADAQGAMNK	8.254453490711256
216	386.72318	2	AACLLPK	7.616660448153891
217	386.72324	2	AACLLPK	7.855055554043567
218	468.2325	2	GGPLDGTYR	6.163047126604994
219	468.23364	2	GGPLDGTYR	6.511144999458686
220	747.3554	2	FNTANDDNVTQVR	13.324036297234542
221	492.74768	2	TYETTLEK	3.432071901399383
222	784.2805	2		0.0
223	784.2892	2		0.0
224	436.67447	2	GAEPSGGAAR	0.8755021552772964
225	345.69516	2	DFPIAK	2.788283486362903
226	345.6952	2	DFPIAK	3.1027016912009504
227	428.19678	5		0.0
228	428.19662	5		0.0
229	642.26636	2	EGYYGYTGAFR	0.3900438195840461
230	569.75275	2	CCTESLVNR	7.435315251967469
231	642.26807	2	EGYYGYTGAFR	0.20223733420432558
232	395.23965	2	LVTDLTK	3.1760138444038146
233	718.27295	2		0.0
234	436.6781	2	GAEPSGGAAR	0.4013286888058235
235	395.23932	2	LVTDLTK	3.0670508176076057
236	541.28046	2	TLSDYNIQK	3.184050676110196
237	440.72403	2	AEFAEVSK	3.1544088053512382
238	722.3225	2	YICENQDSISSK	9.484042093362016
239	530.84735	5	LVRPEVDVMCTAFHDNEETFLK	1.5145034740525714
240	717.7714	2	ETYGEMADCCAK	9.473974558139815
241	722.3253	2	YICENQDSISSK	8.916430227156917
242	541.28064	2	TLSDYNIQK	3.633975774299185
243	440.72217	2	AEFAEVSK	3.073649758322523
244	386.7235	2	AACLLPK	8.011806290408357
245	468.231	2	GGPLDGTYR	6.294916043593532
246	531.2502	5		0.0
247	468.23077	2	GGPLDGTYR	5.300756190398847
248	663.55365	4		0.0
249	386.7232	2	AACLLPK	7.793784174947061
250	1067.3751	2		0.0
251	784.2845	2		0.0
252	345.6951	2	DFPIAK	3.516106207062165
253	345.6948	2	DFPIAK	2.8080055157495987
254	1067.8788	2		0.0
255	428.1977	5		0.0
256	428.19684	5		0.0
257	492.7472	2	TYETTLEK	2.6480815528487898
258	617.96783	3	FSTVAGESGSADTVRDPR	7.080105872944176
259	617.9679	3	FSTVAGESGSADTVRDPR	1.866927032277841
260	395.23947	2	LVTDLTK	2.6478472739224896
261	395.24026	2	LVTDLTK	3.864991131137073
262	569.7513	2	CCTESLVNR	6.873515383590049
263	409.72437	2	VDPVNFK	1.9671346160841943
264	569.752	2	CCTESLVNR	5.962173568282697
265	409.72418	2	VDPVNFK	2.1794592851848216
266	468.2319	2	GGPLDGTYR	4.775033524437738
267	468.23337	2	GGPLDGTYR	4.8123446704711474
268	386.7234	2	AACLLPK	7.8224190844779695
269	386.72327	2	AACLLPK	7.483663783044508
270	409.2236	2	ATKEQLK	0.6085033854442172
271	647.81775	2		0.0
272	647.8181	2		0.0
273	345.6952	2	DFPIAK	2.125592563493409
274	428.1964	5		0.0
275	428.3967	5		0.0
276	617.9669	3	FSTVAGESGSADTVRDPR	3.173294763368245
277	617.9663	3	FSTVAGESGSADTVRDPR	1.7376806155621107
278	554.91187	3	YKAAFTECCQAADK	2.3245133251627443
279	554.91296	3	YKAAFTECCQAADK	1.9849629925857217
280	395.23996	2	LVTDLTK	2.7522033010069276
281	493.22253	2	GGPFSDSYR	5.5032813454372524
282	395.2396	2	LVTDLTK	2.5053136113473613
283	722.32513	2	YICENQDSISSK	8.18586170965984
284	722.32434	2	YICENQDSISSK	9.436229724145749
285	1067.8622	2		0.0
286	324.7079	2	LIFAGK	1.7874456551973827
287	467.26276	2	LCTVATLR	6.4206354195782245
288	467.26282	2	LCTVATLR	6.9552631851198425
289	1067.864	2		0.0
290	691.94934	3	ETYGEMADCCAKQEPER	2.164512704141424
291	692.28284	3		0.0
292	324.70792	2	LIFAGK	2.2946057237069626
293	711.9183	3		0.0
294	386.7232	2	AACLLPK	5.1650104371757966
295	711.91656	3		0.0
296	729.5563	3		0.0
297	724.5643	3		0.0
298	729.5563	3		0.0
299	1075.8912	2	CCYDGACVNNDETCEQR	14.649689570952717
300	724.5682	3		0.0
301	1075.8871	2	CCYDGACVNNDETCEQR	12.014915663421862
302	386.72354	2	AACLLPK	6.1875270893079
303	646.80414	2	LSQEDPDYGIR	10.287371023157279
304	646.8092	2	LSQEDPDYGIR	9.073388074331472
305	1078.3646	2		0.0
306	1093.833	2		0.0
307	1078.3647	2		0.0
308	1093.8289	2		0.0
309	719.904	3		0.0
310	617.9665	3	FSTVAGESGSADTVRDPR	2.926021499647395
311	719.90533	3		0.0
312	493.22363	2	GGPFSDSYR	5.6875423538252035
313	493.22256	2	GGPFSDSYR	5.966519782633831
314	395.24014	2	LVTDLTK	2.224666361710104
315	395.24005	2	LVTDLTK	2.6089788108394902
316	1067.3737	2		0.0
317	467.26358	2	LCTVATLR	6.922242002779264
318	1067.3739	2		0.0
319	467.26205	2	LCTVATLR	6.838514710340041
320	711.9176	3		0.0
321	428.39685	5		0.0
322	711.91766	3		0.0
323	428.1973	5		0.0
324	556.90125	2		0.0
325	724.56635	3		0.0
326	1075.8865	2	CCYDGACVNNDETCEQR	12.546712516296743
327	385.53873	3	LCENIAGHLK	2.4176078772778116
328	724.5667	3		0.0
329	1075.8888	2	CCYDGACVNNDETCEQR	9.674726325367933
330	510.58322	3	VGAHAGEYGAEALER	9.658412257006699
331	510.58215	3	VGAHAGEYGAEALER	10.285263182110782
332	386.7239	2	AACLLPK	5.2767325130404075
333	587.6939	2		0.0
334	765.37286	2	VGAHAGEYGAEALER	11.140938538206465
335	765.3689	2	VGAHAGEYGAEALER	11.685940960129434
336	425.7759	2	KGGVASGFK	1.2952244893741254
337	587.6927	2		0.0
338	425.7747	2	KGGVASGFK	1.01530286526622
339	300.19916	2		0.0
340	729.5537	3		0.0
341	300.19907	2		0.0
342	1078.363	2		0.0
343	729.55566	3		0.0
344	531.2515	5	RSVQWCAVSQPEATKCFQWQR	2.033188332049255
345	493.22177	2	GGPFSDSYR	7.338372793909199
346	493.2226	2	GGPFSDSYR	4.96222995411621
347	531.24976	5	RSVQWCAVSQPEATKCFQWQR	0.7894688209141367
348	467.26328	2	LCTVATLR	4.170175411897759
349	395.23993	2	LVTDLTK	1.62028903793291
350	1067.3737	2		0.0
351	1067.3743	2		0.0
352	711.9179	3		0.0
353	421.7583	2	VQIINKK	0.34269404381927965
354	1076.373	2		0.0
355	677.2779	2		0.0
356	421.75925	2	VQIINKK	0.1467258607355016
357	677.2846	2		0.0
358	522.46454	4	VHTECCHGDLLECADDR	5.570235518187527
359	711.9192	3		0.0
360	510.58234	3	VGAHAGEYGAEALER	10.528888310087314
361	696.2864	3	VHTECCHGDLLECADDR	7.348759885211345
362	522.4645	4	VHTECCHGDLLECADDR	5.883073105194843
363	510.58246	3	VGAHAGEYGAEALER	10.75169549990844
364	696.2846	3	VHTECCHGDLLECADDR	6.719234933782231
365	383.89615	3	LVNEVTEFAK	1.9646935144020943
366	575.3389	2	VVAGVANALAHK	8.75889202811978
367	383.8967	3	LVNEVTEFAK	1.9069892090361549
368	467.26306	2	LCTVATLR	3.851461368190894
369	386.72388	2	AACLLPK	3.7628756862546617
370	575.34125	2	VVAGVANALAHK	9.803654485161085
371	425.77478	2	KGGVASGFK	0.43277786732958945
372	425.7747	2	KGGVASGFK	0.4859686684527371
373	428.19662	5		0.0
374	724.8903	3		0.0
375	729.8824	3		0.0
376	1078.8545	2		0.0
377	729.8875	3		0.0
378	724.89624	3		0.0
379	539.26483	2		0.0
380	1067.8663	2		0.0
381	1067.8671	2		0.0
382	421.7585	2		0.0
383	421.75882	2	VQIINKK	0.6618515559016791
384	677.2849	2		0.0
385	677.2834	2		0.0
386	711.9142	3		0.0
387	534.3118	2		0.0
388	539.26807	2		0.0
389	712.5791	3		0.0
390	510.58237	3	VGAHAGEYGAEALER	7.881063936142382
391	510.58237	3	VGAHAGEYGAEALER	7.68119658984417
392	530.58685	3		0.0
393	530.58575	3		0.0
394	481.7678	2	DAQIFIQK	2.1107552855884633
395	481.76746	2	DAQIFIQK	4.3525511141410345
396	425.7738	2	KGGVASGFK	0.5815929699114246
397	651.0352	4		0.0
398	386.7217	2	AACLLPK	3.095400599831903
399	651.03485	4		0.0
400	886.3311	2		0.0
401	886.3311	2		0.0
402	373.85773	3	LFAYPDTHR	4.011275196989443
403	1067.8641	2		0.0
404	373.8582	3	LFAYPDTHR	1.5890459591232717
405	1067.8754	2		0.0
406	467.26324	2	LCTVATLR	2.7653848521386113
407	582.7895	2	ATAVMPDGQFK	6.929115455770021
408	582.79004	2	ATAVMPDGQFK	7.487388202692454
409	393.75522	2	TKIATPR	0.5189975707933179
410	393.75485	2	TKIATPR	0.8311425308554437
411	557.50415	4		0.0
412	557.50275	4		0.0
413	361.86935	3	LKESYCQR	0.25279703351011534
414	361.86972	3	YLYEIARR	1.7256344069015888
415	856.88245	4		0.0
416	542.3016	2	YLYEIARR	4.617727591440502
417	674.3207	4		0.0
418	651.03375	4		0.0
419	767.83014	2		0.0
420	856.8825	4		0.0
421	663.81226	4	RSVQWCAVSQPEATKCFQWQR	0.05724692318025818
422	531.2496	5	RSVQWCAVSQPEATKCFQWQR	0.23218722398263342
423	659.812	4	QEPERNECFLQHKDDNPNLPR	7.6281424747564746
424	528.0502	5	QEPERNECFLQHKDDNPNLPR	4.478714207119353
425	528.0511	5	QEPERNECFLQHKDDNPNLPR	5.146631539765076
426	539.45544	5		0.0
427	659.81146	4	QEPERNECFLQHKDDNPNLPR	5.6903188134722456
428	674.06537	4		0.0
429	539.4543	5		0.0
430	879.41364	3	QEPERNECFLQHKDDNPNLPR	8.391096387003005
431	879.41327	3	QEPERNECFLQHKDDNPNLPR	9.493809598041477
432	524.6503	5		0.0
433	531.04706	5		0.0
434	680.96747	3	RASVGSPGIHRDMSDQEAK	0.06750019233363598
435	730.85175	4		0.0
436	680.96265	3		0.0
437	528.05066	5	QEPERNECFLQHKDDNPNLPR	5.923004937234114
438	528.051	5	QEPERNECFLQHKDDNPNLPR	5.242944779703799
439	659.8117	4	QEPERNECFLQHKDDNPNLPR	5.03388315726627
440	659.81195	4	QEPERNECFLQHKDDNPNLPR	5.242737134703239
441	524.447	5	FLTPCYHPNVDTQGNICLDILK	0.10588342129674784
442	409.53934	3	FKDLGEENFK	2.0233992308720463
443	409.53986	3	FKDLGEENFK	3.681559983603152
444	591.279	2		0.0
445	673.0381	4		0.0
446	538.6306	5		0.0
447	879.4152	3	QEPERNECFLQHKDDNPNLPR	9.051949122580595
448	879.415	3	QEPERNECFLQHKDDNPNLPR	8.274770465153846
449	538.63153	5		0.0
450	673.03864	4		0.0
451	499.98578	4	NECFLQHKDDNPNLPR	2.47401580534685
452	507.25735	2	PFHPKFIK	1.5974792318205107
453	499.98605	4	NECFLQHKDDNPNLPR	2.1704842546471563
454	655.56134	4		0.0
455	507.25955	2	PFHPKFIK	1.1492695126265913
456	595.5371	2		0.0
457	528.05096	5	QEPERNECFLQHKDDNPNLPR	5.814256073516795
458	528.0505	5	QEPERNECFLQHKDDNPNLPR	5.369408629203979
459	659.8111	4	QEPERNECFLQHKDDNPNLPR	5.418022606535122
460	524.4466	5		0.0
461	659.8116	4	QEPERNECFLQHKDDNPNLPR	5.186095355930144
462	409.53885	3	FKDLGEENFK	3.5905585402190865
463	409.53912	3	FKDLGEENFK	4.039537910477525
464	655.8055	2	GAEPSGGAARGPVGK	1.397891223175528
465	409.2199	3	HVGDLGNVTADK	1.2199681817306884
466	499.9866	4	NECFLQHKDDNPNLPR	2.713293102440259
467	499.98746	4	NECFLQHKDDNPNLPR	5.401435801134092
468	721.34283	2	DFETLKVDFLSK	1.4339391756456408
469	441.78552	2		0.0
470	721.3438	2	DFETLKVDFLSK	2.4799138022616636
471	441.78665	2		0.0
472	528.05023	5	QEPERNECFLQHKDDNPNLPR	5.52723551851581
473	528.05023	5	QEPERNECFLQHKDDNPNLPR	6.191289086002884
474	659.8125	4	QEPERNECFLQHKDDNPNLPR	5.786412608737052
475	659.81274	4	QEPERNECFLQHKDDNPNLPR	6.174979138826431
476	879.419	3	QEPERNECFLQHKDDNPNLPR	8.826236007396982
477	409.5404	3	FKDLGEENFK	3.466206683003999
478	409.53928	3	FKDLGEENFK	3.3549002044989034
479	738.3988	2	LWCKSSQVPQSR	2.2251401631203
480	738.397	2	LWCKSSQVPQSR	3.7628685667280974
481	787.3298	4		0.0
482	787.3318	4		0.0
483	630.0682	5		0.0
484	630.06903	5		0.0
485	441.78754	2		0.0
486	441.7875	2		0.0
487	635.3052	3	AFLASPEYVNLPINGNGK	1.5829151827163805
488	528.05035	5	QEPERNECFLQHKDDNPNLPR	6.1751037300378275
489	610.30023	4		0.0
490	659.81177	4	QEPERNECFLQHKDDNPNLPR	6.107356919698621
491	528.0501	5	QEPERNECFLQHKDDNPNLPR	4.978587245564878
492	610.29865	4		0.0
493	659.813	4	QEPERNECFLQHKDDNPNLPR	5.959733937740897
494	620.53894	4		0.0
495	620.5422	4		0.0
496	488.44098	5		0.0
497	685.6336	6		0.0
498	587.8311	7		0.0
499	822.5555	5		0.0
